00000020
00000020
00000020
22100003
00000020
00000020
00000020
21081001
00000020
00000020
00000020
00084400
00000020
00000020
00000020
21090020
00000020
00000020
00000020
210a0040
00000020
00000020
00000020
216b0000
00000020
00000020
00000020
00000020
00000020
00000020
11700013
00000020
00000020
00000020
216b0001
00000020
00000020
00000020
ad0b0000
00000020
00000020
00000020
21080004
00000020
00000020
00000020
0810001b
00000020
00000020
00000020
00000020
00000020
00000020
00102020
00000020
00000020
00000020
00082820
00000020
00000020
00000020
000a3020
00000020
00000020
00000020
00093820
00000020
00000020
00000020
200f0001
00000020
00000020
00000020
0c100051
00000020
00000020
00000020
081000f8
00000020
00000020
00000020
00000020
00000020
00000020
23bdfffc
00000020
00000020
00000020
afbf0000
00000020
00000020
00000020
108f0069
00000020
00000020
00000020
2084ffff
00000020
00000020
00000020
00067020
00000020
00000020
00000020
00073020
00000020
00000020
00000020
000e3820
00000020
00000020
00000020
0c100051
00000020
00000020
00000020
00067020
00000020
00000020
00000020
00073020
00000020
00000020
00000020
000e3820
00000020
00000020
00000020
20a5fffc
00000020
00000020
00000020
8cb40000
00000020
00000020
00000020
aca00000
00000020
00000020
00000020
acd40000
00000020
00000020
00000020
20c60004
00000020
00000020
00000020
2084ffff
00000020
00000020
00000020
00057020
00000020
00000020
00000020
00072820
00000020
00000020
00000020
000e3820
00000020
00000020
00000020
0c100051
00000020
00000020
00000020
00057020
00000020
00000020
00000020
00072820
00000020
00000020
00000020
000e3820
00000020
00000020
00000020
20840001
00000020
00000020
00000020
8fbf0000
00000020
00000020
00000020
23bd0004
00000020
00000020
00000020
00000020
03e00008
00000020
00000020
00000020
00000020
00000020
00000020
00000020
00000020
20a5fffc
00000020
00000020
00000020
00000020
8cab0000
00000020
00000020
00000020
00000020
aca00000
00000020
00000020
00000020
00000020
accb0000
00000020
00000020
00000020
00000020
20c60004
00000020
00000020
00000020
00000020
00000020
20840001
00000020
00000020
00000020
00000020
8fbf0000
00000020
00000020
00000020
00000020
23bd0004
00000020
00000020
00000020
00000020
03e00008
00000020
00000020
00000020
00000020
